55600002
55600010
55600029
55600037
55600045
55600053
55600061
55600070
55600088
55600096
55600100
55600118
55600126
55600134
55600142
55600150
55600169
55600177
55600185
55600193
55600207
55600215
55600223
55600231
55600240
55600258
55600266
55600274
55600282
55600290
55600304
55600312
55600320
55600339
55600347
55600355
55600363
55600371
55600380
55600398
55600401
55600410
55600428
55600436
55600444
55600452
55600460
55600479
55600487
55600495
55600509
55600517
55600525
55600533
55600541
55600550
55600568
55600576
55600584
55600592
55600606
55600614
55600622
55600630
55600649
55600657
55600665
55600673
55600681
55600690
55600703
55600711
55600720
55600738
55600746
55600754
55600762
55600770
55600789
55600797
55600800
55600819
55600827
55600835
55600843
55600851
55600860
55600878
55600886
55600894
55600908
55600916
55600924
55600932
55600940
55600959
55600967
55600975
55600983
55600991
55601008
55601016
55601024
55601032
55601040
55601059
55601067
55601075
55601083
55601091
55601105
55601113
55601121
55601130
55601148
55601156
55601164
55601172
55601180
55601199
55601202
55601210
55601229
55601237
55601245
55601253
55601261
55601270
55601288
55601296
55601300
55601318
55601326
55601334
55601342
55601350
55601369
55601377
55601385
55601393
55601407
55601415
55601423
55601431
55601440
55601458
55601466
55601474
55601482
55601490
55601504
55601512
55601520
55601539
55601547
55601555
55601563
55601571
55601580
55601598
55601601
55601610
55601628
55601636
55601644
55601652
55601660
55601679
55601687
55601695
55601709
55601717
55601725
55601733
55601741
55601750
55601768
55601776
55601784
55601792
55601806
55601814
55601822
55601830
55601849
55601857
55601865
55601873
55601881
55601890
55601903
55601911
55601920
55601938
55601946
55601954
55601962
55601970
55601989
55601997
55602003
55602011
55602020
55602038
55602046
55602054
55602062
55602070
55602089
55602097
55602100
55602119
55602127
55602135
55602143
55602151
55602160
55602178
55602186
55602194
55602208
55602216
55602224
55602232
55602240
55602259
55602267
55602275
55602283
55602291
55602305
55602313
55602321
55602330
55602348
55602356
55602364
55602372
55602380
55602399
55602402
55602410
55602429
55602437
55602445
55602453
55602461
55602470
55602488
55602496
55602500
55602518
55602526
55602534
55602542
55602550
55602569
55602577
55602585
55602593
55602607
55602615
55602623
55602631
55602640
55602658
55602666
55602674
55602682
55602690
55602704
55602712
55602720
55602739
55602747
55602755
55602763
55602771
55602780
55602798
55602801
55602810
55602828
55602836
55602844
55602852
55602860
55602879
55602887
55602895
55602909
55602917
55602925
55602933
55602941
55602950
55602968
55602976
55602984
55602992
55603009
55603017
55603025
55603033
55603041
55603050
55603068
55603076
55603084
55603092
55603106
55603114
55603122
55603130
55603149
55603157
55603165
55603173
55603181
55603190
55603203
55603211
55603220
55603238
55603246
55603254
55603262
55603270
55603289
55603297
55603300
55603319
55603327
55603335
55603343
55603351
55603360
55603378
55603386
55603394
55603408
55603416
55603424
55603432
55603440
55603459
55603467
55603475
55603483
55603491
55603505
55603513
55603521
55603530
55603548
55603556
55603564
55603572
55603580
55603599
55603602
55603610
55603629
55603637
55603645
55603653
55603661
55603670
55603688
55603696
55603700
55603718
55603726
55603734
55603742
55603750
55603769
55603777
55603785
55603793
55603807
55603815
55603823
55603831
55603840
55603858
55603866
55603874
55603882
55603890
55603904
55603912
55603920
55603939
55603947
55603955
55603963
55603971
55603980
55603998
55604004
55604012
55604020
55604039
55604047
55604055
55604063
55604071
55604080
55604098
55604101
55604110
55604128
55604136
55604144
55604152
55604160
55604179
55604187
55604195
55604209
55604217
55604225
55604233
55604241
55604250
55604268
55604276
55604284
55604292
55604306
55604314
55604322
55604330
55604349
55604357
55604365
55604373
55604381
55604390
55604403
55604411
55604420
55604438
55604446
55604454
55604462
55604470
55604489
55604497
55604500
55604519
55604527
55604535
55604543
55604551
55604560
55604578
55604586
55604594
55604608
55604616
55604624
55604632
55604640
55604659
55604667
55604675
55604683
55604691
55604705
55604713
55604721
55604730
55604748
55604756
55604764
55604772
55604780
55604799
55604802
55604810
55604829
55604837
55604845
55604853
55604861
55604870
55604888
55604896
55604900
55604918
55604926
55604934
55604942
55604950
55604969
55604977
55604985
55604993
55605000
55605018
55605026
55605034
55605042
55605050
55605069
55605077
55605085
55605093
55605107
55605115
55605123
55605131
55605140
55605158
55605166
55605174
55605182
55605190
55605204
55605212
55605220
55605239
55605247
55605255
55605263
55605271
55605280
55605298
55605301
55605310
55605328
55605336
55605344
55605352
55605360
55605379
55605387
55605395
55605409
55605417
55605425
55605433
55605441
55605450
55605468
55605476
55605484
55605492
55605506
55605514
55605522
55605530
55605549
55605557
55605565
55605573
55605581
55605590
55605603
55605611
55605620
55605638
55605646
55605654
55605662
55605670
55605689
55605697
55605700
55605719
55605727
55605735
55605743
55605751
55605760
55605778
55605786
55605794
55605808
55605816
55605824
55605832
55605840
55605859
55605867
55605875
55605883
55605891
55605905
55605913
55605921
55605930
55605948
55605956
55605964
55605972
55605980
55605999
55606005
55606013
55606021
55606030
55606048
55606056
55606064
55606072
55606080
55606099
55606102
55606110
55606129
55606137
55606145
55606153
55606161
55606170
55606188
55606196
55606200
55606218
55606226
55606234
55606242
55606250
55606269
55606277
55606285
55606293
55606307
55606315
55606323
55606331
55606340
55606358
55606366
55606374
55606382
55606390
55606404
55606412
55606420
55606439
55606447
55606455
55606463
55606471
55606480
55606498
55606501
55606510
55606528
55606536
55606544
55606552
55606560
55606579
55606587
55606595
55606609
55606617
55606625
55606633
55606641
55606650
55606668
55606676
55606684
55606692
55606706
55606714
55606722
55606730
55606749
55606757
55606765
55606773
55606781
55606790
55606803
55606811
55606820
55606838
55606846
55606854
55606862
55606870
55606889
55606897
55606900
55606919
55606927
55606935
55606943
55606951
55606960
55606978
55606986
55606994
55607000
55607019
55607027
55607035
55607043
55607051
55607060
55607078
55607086
55607094
55607108
55607116
55607124
55607132
55607140
55607159
55607167
55607175
55607183
55607191
55607205
55607213
55607221
55607230
55607248
55607256
55607264
55607272
55607280
55607299
55607302
55607310
55607329
55607337
55607345
55607353
55607361
55607370
55607388
55607396
55607400
55607418
55607426
55607434
55607442
55607450
55607469
55607477
55607485
55607493
55607507
55607515
55607523
55607531
55607540
55607558
55607566
55607574
55607582
55607590
55607604
55607612
55607620
55607639
55607647
55607655
55607663
55607671
55607680
55607698
55607701
55607710
55607728
55607736
55607744
55607752
55607760
55607779
55607787
55607795
55607809
55607817
55607825
55607833
55607841
55607850
55607868
55607876
55607884
55607892
55607906
55607914
55607922
55607930
55607949
55607957
55607965
55607973
55607981
55607990
55608006
55608014
55608022
55608030
55608049
55608057
55608065
55608073
55608081
55608090
55608103
55608111
55608120
55608138
55608146
55608154
55608162
55608170
55608189
55608197
55608200
55608219
55608227
55608235
55608243
55608251
55608260
55608278
55608286
55608294
55608308
55608316
55608324
55608332
55608340
55608359
55608367
55608375
55608383
55608391
55608405
55608413
55608421
55608430
55608448
55608456
55608464
55608472
55608480
55608499
55608502
55608510
55608529
55608537
55608545
55608553
55608561
55608570
55608588
55608596
55608600
55608618
55608626
55608634
55608642
55608650
55608669
55608677
55608685
55608693
55608707
55608715
55608723
55608731
55608740
55608758
55608766
55608774
55608782
55608790
55608804
55608812
55608820
55608839
55608847
55608855
55608863
55608871
55608880
55608898
55608901
55608910
55608928
55608936
55608944
55608952
55608960
55608979
55608987
55608995
55609001
55609010
55609028
55609036
55609044
55609052
55609060
55609079
55609087
55609095
55609109
55609117
55609125
55609133
55609141
55609150
55609168
55609176
55609184
55609192
55609206
55609214
55609222
55609230
55609249
55609257
55609265
55609273
55609281
55609290
55609303
55609311
55609320
55609338
55609346
55609354
55609362
55609370
55609389
55609397
55609400
55609419
55609427
55609435
55609443
55609451
55609460
55609478
55609486
55609494
55609508
55609516
55609524
55609532
55609540
55609559
55609567
55609575
55609583
55609591
55609605
55609613
55609621
55609630
55609648
55609656
55609664
55609672
55609680
55609699
55609702
55609710
55609729
55609737
55609745
55609753
55609761
55609770
55609788
55609796
55609800
55609818
55609826
55609834
55609842
55609850
55609869
55609877
55609885
55609893
55609907
55609915
55609923
55609931
55609940
55609958
55609966
55609974
55609982
55609990
55610006
55610014
55610022
55610030
55610049
55610057
55610065
55610073
55610081
55610090
55610103
55610111
55610120
55610138
55610146
55610154
55610162
55610170
55610189
55610197
55610200
55610219
55610227
55610235
55610243
55610251
55610260
55610278
55610286
55610294
55610308
55610316
55610324
55610332
55610340
55610359
55610367
55610375
55610383
55610391
55610405
55610413
55610421
55610430
55610448
55610456
55610464
55610472
55610480
55610499
55610502
55610510
55610529
55610537
55610545
55610553
55610561
55610570
55610588
55610596
55610600
55610618
55610626
55610634
55610642
55610650
55610669
55610677
55610685
55610693
55610707
55610715
55610723
55610731
55610740
55610758
55610766
55610774
55610782
55610790
55610804
55610812
55610820
55610839
55610847
55610855
55610863
55610871
55610880
55610898
55610901
55610910
55610928
55610936
55610944
55610952
55610960
55610979
55610987
55610995
55611001
55611010
55611028
55611036
55611044
55611052
55611060
55611079
55611087
55611095
55611109
55611117
55611125
55611133
55611141
55611150
55611168
55611176
55611184
55611192
55611206
55611214
55611222
55611230
55611249
55611257
55611265
55611273
55611281
55611290
55611303
55611311
55611320
55611338
55611346
55611354
55611362
55611370
55611389
55611397
55611400
55611419
55611427
55611435
55611443
55611451
55611460
55611478
55611486
55611494
55611508
55611516
55611524
55611532
55611540
55611559
55611567
55611575
55611583
55611591
55611605
55611613
55611621
55611630
55611648
55611656
55611664
55611672
55611680
55611699
55611702
55611710
55611729
55611737
55611745
55611753
55611761
55611770
55611788
55611796
55611800
55611818
55611826
55611834
55611842
55611850
55611869
55611877
55611885
55611893
55611907
55611915
55611923
55611931
55611940
55611958
55611966
55611974
55611982
55611990
55612007
55612015
55612023
55612031
55612040
55612058
55612066
55612074
55612082
55612090
55612104
55612112
55612120
55612139
55612147
55612155
55612163
55612171
55612180
55612198
55612201
55612210
55612228
55612236
55612244
55612252
55612260
55612279
55612287
55612295
55612309
55612317
55612325
55612333
55612341
55612350
55612368
55612376
55612384
55612392
55612406
55612414
55612422
55612430
55612449
55612457
55612465
55612473
55612481
55612490
55612503
55612511
55612520
55612538
55612546
55612554
55612562
55612570
55612589
55612597
55612600
55612619
55612627
55612635
55612643
55612651
55612660
55612678
55612686
55612694
55612708
55612716
55612724
55612732
55612740
55612759
55612767
55612775
55612783
55612791
55612805
55612813
55612821
55612830
55612848
55612856
55612864
55612872
55612880
55612899
55612902
55612910
55612929
55612937
55612945
55612953
55612961
55612970
55612988
55612996
55613002
55613010
55613029
55613037
55613045
55613053
55613061
55613070
55613088
55613096
55613100
55613118
55613126
55613134
55613142
55613150
55613169
55613177
55613185
55613193
55613207
55613215
55613223
55613231
55613240
55613258
55613266
55613274
55613282
55613290
55613304
55613312
55613320
55613339
55613347
55613355
55613363
55613371
55613380
55613398
55613401
55613410
55613428
55613436
55613444
55613452
55613460
55613479
55613487
55613495
55613509
55613517
55613525
55613533
55613541
55613550
55613568
55613576
55613584
55613592
55613606
55613614
55613622
55613630
55613649
55613657
55613665
55613673
55613681
55613690
55613703
55613711
55613720
55613738
55613746
55613754
55613762
55613770
55613797
55613800
55613819
55613827
55613835
55613843
55613851
55613860
55613878
55613886
55613894
55613908
55613916
55613924
55613932
55613940
55613959
55613967
55613975
55613983
55613991
55614008
55614016
55614024
55614032
55614040
55614059
55614067
55614075
55614083
55614091
55614105
55614113
55614121
55614130
55614148
55614156
55614164
55614172
55614180
55614199
55614202
55614210
55614229
55614237
55614245
55614253
55614261
55614270
55614288
55614296
55614300
55614318
55614326
55614334
55614342
55614350
55614369
55614377
55614385
55614393
55614407
55614415
55614423
55614431
55614440
55614458
55614466
55614474
55614482
55614490
55614504
55614512
55614520
55614539
55614547
55614555
55614563
55614571
55614580
55614598
55614601
55614610
55614628
55614636
55614644
55614652
55614660
55614679
55614687
55614695
55614709
55614717
55614725
55614733
55614741
55614750
55614768
55614776
55614784
55614792
55614806
55614814
55614822
55614830
55614849
55614857
55614865
55614873
55614881
55614890
55614903
55614911
55614920
55614938
55614946
55614954
55614962
55614970
55614989
55614997
55615003
55615011
55615020
55615038
55615046
55615054
55615062
55615070
55615089
55615097
55615100
55615119
55615127
55615135
55615143
55615151
55615160
55615178
55615186
55615194
55615208
55615216
55615224
55615232
55615240
55615259
55615267
55615275
55615283
55615291
55615305
55615313
55615321
55615330
55615348
55615356
55615364
55615372
55615380
55615399
55615402
55615410
55615429
55615437
55615445
55615453
55615461
55615470
55615488
55615496
55615500
55615518
55615526
55615534
55615542
55615550
55615569
55615577
55615585
55615593
55615607
55615615
55615623
55615631
55615640
55615658
55615666
55615674
55615682
55615690
55615704
55615712
55615720
55615739
55615747
55615755
55615763
55615771
55615780
55615798
55615801
55615810
55615828
55615836
55615844
55615852
55615860
55615879
55615887
55615895
55615909
55615917
55615925
55615933
55615941
55615950
55615968
55615976
55615984
55615992
55616009
55616017
55616025
55616033
55616041
55616050
55616068
55616076
55616084
55616092
55616106
55616114
55616122
55616130
55616149
55616157
55616165
55616173
55616181
55616190
55616203
55616211
55616220
55616238
55616246
55616254
55616262
55616270
55616289
55616297
55616300
55616319
55616327
55616335
55616343
55616351
55616360
55616378
55616386
55616394
55616408
55616416
55616424
55616432
55616440
55616459
55616467
55616475
55616483
55616491
55616505
55616513
55616521
55616530
55616548
55616556
55616564
55616572
55616580
55616599
55616602
55616610
55616629
55616637
55616645
55616653
55616661
55616670
55616688
55616696
55616700
55616718
55616726
55616734
55616742
55616750
55616769
55616777
55616785
55616793
55616807
55616815
55616823
55616831
55616840
55616858
55616866
55616874
55616882
55616890
55616904
55616912
55616920
55616939
55616947
55616955
55616963
55616971
55616980
55616998
55617004
55617012
55617020
55617039
55617047
55617055
55617063
55617071
55617080
55617098
55617101
55617110
55617128
55617136
55617144
55617152
55617160
55617179
55617187
55617195
55617209
55617217
55617225
55617233
55617241
55617250
55617268
55617276
55617284
55617292
55617306
55617314
55617322
55617330
55617349
55617357
55617365
55617373
55617381
55617390
55617403
55617411
55617420
55617438
55617446
55617454
55617462
55617470
55617489
55617497
55617500
55617519
55617527
55617535
55617543
55617551
55617560
55617578
55617586
55617594
55617608
55617616
55617624
55617632
55617640
55617659
55617667
55617675
55617683
55617691
55617705
55617713
55617721
55617730
55617748
55617756
55617764
55617772
55617780
55617799
55617802
55617810
55617829
55617837
55617845
55617853
55617861
55617870
55617888
55617896
55617900
55617918
55617926
55617934
55617942
55617950
55617969
55617977
55617985
55617993
55618000
55618018
55618026
55618034
55618042
55618050
55618069
55618077
55618085
55618093
55618107
55618115
55618123
55618131
55618140
55618158
55618166
55618174
55618182
55618190
55618204
55618212
55618220
55618239
55618247
55618255
55618263
55618271
55618280
55618298
55618301
55618310
55618328
55618336
55618344
55618352
55618360
55618379
55618387
55618395
55618409
55618417
55618425
55618433
55618441
55618450
55618468
55618476
55618484
55618492
55618506
55618514
55618522
55618530
55618549
55618557
55618565
55618573
55618581
55618590
55618603
55618611
55618620
55618638
55618646
55618654
55618662
55618670
55618689
55618697
55618700
55618719
55618727
55618735
55618743
55618751
55618760
55618778
55618786
55618794
55618808
55618816
55618824
55618832
55618840
55618859
55618867
55618875
55618883
55618891
55618905
55618913
55618921
55618930
55618948
55618956
55618964
55618972
55618980
55618999
55619005
55619013
55619021
55619030
55619048
55619056
55619064
55619072
55619080
55619099
55619102
55619110
55619129
55619137
55619145
55619153
55619161
55619170
55619188
55619196
55619200
55619218
55619226
55619234
55619242
55619250
55619269
55619277
55619285
55619293
55619307
55619315
55619323
55619331
55619340
55619358
55619366
55619374
55619382
55619390
55619404
55619412
55619420
55619439
55619447
55619455
55619463
55619471
55619480
55619498
55619501
55619510
55619528
55619536
55619544
55619552
55619560
55619579
55619587
55619595
55619609
55619617
55619625
55619633
55619641
55619650
55619668
55619676
55619684
55619692
55619706
55619714
55619722
55619730
55619749
55619757
55619765
55619773
55619781
55619790
55619803
55619811
55619820
55619838
55619846
55619854
55619862
55619870
55619889
55619897
55619900
55619919
55619927
55619935
55619943
55619951
55619960
55619978
55619986
55619994
55620000
55620018
55620026
55620034
55620042
55620050
55620069
55620077
55620085
55620093
55620107
55620115
55620123
55620131
55620140
55620158
55620166
55620174
55620182
55620190
55620204
55620212
55620220
55620239
55620247
55620255
55620263
55620271
55620280
55620298
55620301
55620310
55620328
55620336
55620344
55620352
55620360
55620379
55620387
55620395
55620409
55620417
55620425
55620433
55620441
55620450
55620468
55620476
55620484
55620492
55620506
55620514
55620522
55620530
55620549
55620557
55620565
55620573
55620581
55620590
55620603
55620611
55620620
55620638
55620646
55620654
55620662
55620670
55620689
55620697
55620700
55620719
55620727
55620735
55620743
55620751
55620760
55620778
55620786
55620794
55620808
55620816
55620824
55620832
55620840
55620859
55620867
55620875
55620883
55620891
55620905
55620913
55620921
55620930
55620948
55620956
55620964
55620972
55620980
55620999
55621005
55621013
55621021
55621030
55621048
55621056
55621064
55621072
55621080
55621099
55621102
55621110
55621129
55621137
55621145
55621153
55621161
55621170
55621188
55621196
55621200
55621218
55621226
55621234
55621242
55621250
55621269
55621277
55621285
55621293
55621307
55621315
55621323
55621331
55621340
55621358
55621366
55621374
55621382
55621390
55621404
55621412
55621420
55621439
55621447
55621455
55621463
55621471
55621480
55621498
55621501
55621510
55621528
55621536
55621544
55621552
55621560
55621579
55621587
55621595
55621609
55621617
55621625
55621633
55621641
55621650
55621668
55621676
55621684
55621692
55621706
55621714
55621722
55621730
55621749
55621757
55621765
55621773
55621781
55621790
55621803
55621811
55621820
55621838
55621846
55621854
55621862
55621870
55621889
55621897
55621900
55621919
55621927
55621935
55621943
55621951
55621960
55621978
55621986
55621994
55622000
55622019
55622027
55622035
55622043
55622051
55622060
55622078
55622086
55622094
55622108
55622116
55622124
55622132
55622140
55622159
55622167
55622175
55622183
55622191
55622205
55622213
55622221
55622230
55622248
55622256
55622264
55622272
55622280
55622299
55622302
55622310
55622329
55622337
55622345
55622353
55622361
55622370
55622388
55622396
55622400
55622418
55622426
55622434
55622442
55622450
55622469
55622477
55622485
55622493
55622507
55622515
55622523
55622531
55622540
55622558
55622566
55622574
55622582
55622590
55622604
55622612
55622620
55622639
55622647
55622655
55622663
55622671
55622680
55622698
55622701
55622710
55622728
55622736
55622744
55622752
55622760
55622779
55622809
55622817
55622825
55622833
55622841
55622850
55622868
55622876
55622884
55622892
55622906
55622914
55622922
55622930
55622949
55622957
55622965
55622973
55622981
55622990
55623006
55623014
55623022
55623030
55623049
55623057
55623065
55623073
55623081
55623090
55623103
55623111
55623120
55623138
55623146
55623154
55623162
55623170
55623189
55623197
55623200
55623219
55623227
55623235
55623243
55623251
55623260
55623278
55623286
55623294
55623308
55623316
55623324
55623332
55623340
55623359
55623367
55623375
55623383
55623391
55623405
55623413
55623421
55623430
55623448
55623456
55623464
55623472
55623480
55623499
55623502
55623510
55623529
55623537
55623545
55623553
55623561
55623570
55623588
55623596
55623600
55623618
55623626
55623634
55623642
55623650
55623669
55623677
55623685
55623693
55623707
55623715
55623723
55623731
55623740
55623758
55623766
55623774
55623782
55623790
55623804
55623812
55623820
55623839
55623847
55623855
55623863
55623871
55623880
55623898
55623901
55623910
55623928
55623936
55623944
55623952
55623960
55623979
55623987
55623995
55624001
55624010
55624028
55624036
55624044
55624052
55624060
55624079
55624087
55624095
55624109
55624117
55624125
55624133
55624141
55624150
55624168
55624176
55624184
55624192
55624206
55624214
55624222
55624230
55624249
55624257
55624265
55624273
55624281
55624290
55624303
55624311
55624320
55624338
55624346
55624354
55624362
55624370
55624389
55624397
55624400
55624419
55624427
55624435
55624443
55624451
55624460
55624478
55624486
55624494
55624508
55624516
55624524
55624532
55624540
55624559
55624567
55624575
55624583
55624591
55624605
55624613
55624621
55624630
55624648
55624656
55624664
55624672
55624680
55624699
55624702
55624710
55624729
55624737
55624745
55624753
55624761
55624770
55624788
55624796
55624800
55624818
55624826
55624834
55624842
55624850
55624869
55624877
55624885
55624893
55624907
55624915
55624923
55624931
55624940
55624958
55624966
55624974
55624982
55624990
55625007
55625015
55625023
55625031
55625040
55625058
55625066
55625074
55625082
55625090
55625104
55625112
55625120
55625139
55625147
55625155
55625163
55625171
55625180
55625198
55625201
55625210
55625228
55625236
55625244
55625252
55625260
55625279
55625287
55625295
55625309
55625317
55625325
55625333
55625341
55625350
55625368
55625376
55625384
55625392
55625406
55625414
55625422
55625430
55625449
55625457
55625465
55625473
55625481
55625490
55625503
55625511
55625520
55625538
55625546
55625554
55625562
55625570
55625589
55625597
55625600
55625619
55625627
55625635
55625643
55625651
55625660
55625678
55625686
55625694
55625708
55625716
55625724
55625732
55625740
55625759
55625767
55625775
55625783
55625791
55625805
55625813
55625821
55625830
55625848
55625856
55625864
55625872
55625880
55625899
55625902
55625910
55625929
55625937
55625945
55625953
55625961
55625970
55625988
55625996
55626002
55626010
55626029
55626037
55626045
55626053
55626061
55626070
55626088
55626096
55626100
55626118
55626126
55626134
55626150
55626169
55626177
55626185
55626193
55626207
55626215
55626223
55626231
55626240
55626258
55626266
55626274
55626282
55626290
55626304
55626312
55626320
55626339
55626347
55626355
55626363
55626371
55626380
55626398
55626401
55626410
55626428
55626436
55626444
55626452
55626460
55626479
55626487
55626495
55626509
55626517
55626525
55626533
55626541
55626550
55626568
55626576
55626584
55626592
55626606
55626614
55626622
55626630
55626649
55626657
55626665
55626673
55626681
55626690
55626703
55626711
55626720
55626738
55626746
55626754
55626762
55626770
55626789
55626797
55626800
55626819
55626827
55626835
55626843
55626851
55626860
55626878
55626886
55626894
55626908
55626916
55626924
55626932
55626940
55626959
55626967
55626975
55626983
55626991
55627008
55627016
55627024
55627032
55627040
55627059
55627067
55627075
55627083
55627091
55627105
55627113
55627121
55627130
55627148
55627156
55627164
55627172
55627180
55627199
55627202
55627210
55627229
55627237
55627245
55627253
55627261
55627270
55627288
55627296
55627300
55627318
55627326
55627334
55627342
55627350
55627369
55627377
55627385
55627393
55627407
55627415
55627423
55627431
55627440
55627458
55627466
55627474
55627482
55627490
55627504
55627512
55627520
55627539
55627547
55627555
55627563
55627571
55627580
55627598
55627601
55627610
55627628
55627636
55627644
55627652
55627660
55627679
55627687
55627695
55627709
55627717
55627725
55627733
55627741
55627750
55627768
55627776
55627784
55627792
55627806
55627814
55627822
55627830
55627849
55627857
55627865
55627873
55627881
55627890
55627903
55627911
55627920
55627938
55627946
55627954
55627962
55627970
55627989
55627997
55628003
55628011
55628020
55628038
55628046
55628054
55628062
55628070
55628089
55628097
55628100
55628119
55628127
55628135
55628143
55628151
55628160
55628178
55628186
55628194
55628208
55628216
55628224
55628232
55628240
55628259
55628267
55628275
55628283
55628291
55628305
55628313
55628321
55628330
55628348
55628356
55628364
55628372
55628380
55628399
55628402
55628410
55628429
55628437
55628445
55628453
55628461
55628470
55628488
55628496
55628500
55628518
55628526
55628534
55628542
55628550
55628569
55628577
55628585
55628593
55628607
55628615
55628623
55628631
55628640
55628658
55628666
55628674
55628682
55628690
55628704
55628712
55628720
55628739
55628747
55628755
55628763
55628771
55628780
55628798
55628801
55628810
55628828
55628836
55628844
55628852
55628860
55628879
55628887
55628895
55628909
55628917
55628925
55628933
55628941
55628950
55628968
55628976
55628984
55628992
55629009
55629017
55629025
55629033
55629041
55629050
55629068
55629076
55629084
55629092
55629106
55629114
55629122
55629130
55629149
55629157
55629165
55629173
55629181
55629190
55629203
55629211
55629220
55629238
55629246
55629254
55629262
55629270
55629289
55629297
55629300
55629319
55629327
55629335
55629343
55629351
55629360
55629378
55629386
55629394
55629408
55629416
55629424
55629432
55629440
55629459
55629467
55629475
55629483
55629491
55629505
55629513
55629521
55629530
55629548
55629556
55629564
55629572
55629580
55629599
55629602
55629610
55629629
55629637
55629645
55629653
55629661
55629670
55629688
55629696
55629700
55629718
55629726
55629734
55629742
55629750
55629769
55629777
55629785
55629793
55629807
55629815
55629823
55629831
55629840
55629858
55629866
55629874
55629882
55629890
55629904
55629912
55629920
55629939
55629947
55629955
55629963
55629971
55629980
55629998
55630003
55630011
55630020
55630038
55630046
55630054
55630062
55630070
55630089
55630097
55630100
55630119
55630127
55630135
55630143
55630151
55630160
55630178
55630186
55630194
55630208
55630216
55630224
55630232
55630240
55630259
55630267
55630275
55630283
55630291
55630305
55630313
55630321
55630330
55630348
55630356
55630364
55630372
55630380
55630399
55630402
55630410
55630429
55630437
55630445
55630453
55630461
55630470
55630488
55630496
55630500
55630518
55630526
55630534
55630542
55630550
55630569
55630577
55630585
55630593
55630607
55630615
55630623
55630631
55630640
55630658
55630666
55630674
55630682
55630690
55630704
55630712
55630720
55630739
55630747
55630755
55630763
55630771
55630780
55630798
55630801
55630810
55630828
55630836
55630844
55630852
55630860
55630879
55630887
55630895
55630909
55630917
55630925
55630933
55630941
55630950
55630968
55630976
55630984
55630992
55631009
55631017
55631025
55631033
55631041
55631050
55631068
55631076
55631084
55631092
55631106
55631114
55631122
55631130
55631149
55631157
55631165
55631173
55631181
55631190
55631203
55631211
55631220
55631238
55631246
55631254
55631262
55631270
55631289
55631297
55631300
55631319
55631327
55631335
55631343
55631351
55631360
55631378
55631386
55631394
55631408
55631416
55631424
55631432
55631440
55631459
55631467
55631475
55631483
55631491
55631505
55631513
55631521
55631530
55631548
55631556
55631564
55631572
55631580
55631599
55631602
55631610
55631629
55631637
55631645
55631653
55631661
55631670
55631688
55631696
55631700
55631718
55631726
55631734
55631742
55631750
55631769
55631777
55631785
55631793
55631807
55631815
55631823
55631831
55631840
55631858
55631866
55631874
55631882
55631890
55631904
55631912
55631920
55631939
55631947
55631955
55631963
55631971
55631980
55631998
55632004
55632012
55632020
55632039
55632047
55632055
55632063
55632071
55632080
55632098
55632101
55632110
55632128
55632136
55632144
55632152
55632160
55632179
55632187
55632195
55632209
55632217
55632225
55632233
55632241
55632250
55632268
55632276
55632284
55632292
55632306
55632314
55632322
55632330
55632349
55632357
55632365
55632373
55632381
55632390
55632403
55632411
55632420
55632438
55632446
55632454
55632462
55632470
55632489
55632497
55632500
55632519
55632527
55632535
55632543
55632551
55632560
55632578
55632586
55632594
55632608
55632616
55632624
55632632
55632640
55632659
55632667
55632675
55632683
55632691
55632705
55632713
55632721
55632730
55632748
55632756
55632764
55632772
55632780
55632799
55632802
55632810
55632829
55632837
55632845
55632853
55632861
55632870
55632888
55632896
55632900
55632918
55632926
55632934
55632942
55632950
55632969
55632977
55632985
55632993
55633000
55633018
55633026
55633034
55633042
55633050
55633069
55633077
55633085
55633093
55633107
55633115
55633123
55633131
55633140
55633158
55633166
55633174
55633182
55633190
55633204
55633212
55633220
55633239
55633247
55633255
55633263
55633271
55633280
55633298
55633301
55633310
55633328
55633336
55633344
55633352
55633360
55633379
55633387
55633395
55633409
55633417
55633425
55633433
55633441
55633450
55633468
55633476
55633484
55633492
55633506
55633514
55633522
55633530
55633549
55633557
55633565
55633573
55633581
55633590
55633603
55633611
55633620
55633638
55633646
55633654
55633662
55633670
55633697
55633700
55633719
55633727
55633735
55633743
55633751
55633760
55633778
55633786
55633794
55633808
55633816
55633824
55633832
55633840
55633859
55633867
55633875
55633883
55633891
55633905
55633913
55633921
55633930
55633948
55633956
55633964
55633972
55633980
55633999
55634005
55634013
55634021
55634030
55634048
55634056
55634064
55634072
55634080
55634099
55634102
55634110
55634129
55634137
55634145
55634153
55634161
55634170
55634188
55634196
55634200
55634218
55634226
55634234
55634242
55634250
55634269
55634277
55634285
55634293
55634307
55634315
55634323
55634331
55634340
55634358
55634366
55634374
55634382
55634390
55634404
55634412
55634420
55634439
55634447
55634455
55634463
55634471
55634480
55634498
55634501
55634510
55634528
55634536
55634544
55634552
55634560
55634579
55634587
55634595
55634609
55634617
55634625
55634633
55634641
55634650
55634668
55634676
55634684
55634692
55634706
55634714
55634722
55634730
55634749
55634757
55634765
55634773
55634781
55634790
55634803
55634811
55634820
55634838
55634846
55634854
55634862
55634870
55634889
55634897
55634900
55634919
55634927
55634935
55634943
55634951
55634960
55634978
55634986
55634994
55635000
55635019
55635027
55635035
55635043
55635051
55635060
55635078
55635086
55635094
55635108
55635116
55635124
55635132
55635140
55635159
55635167
55635175
55635183
55635191
55635205
55635213
55635221
55635230
55635248
55635256
55635264
55635272
55635280
55635299
55635302
55635310
55635329
55635337
55635345
55635353
55635361
55635370
55635388
55635396
55635400
55635418
55635426
55635434
55635442
55635450
55635469
55635477
55635485
55635493
55635507
55635515
55635523
55635531
55635540
55635558
55635566
55635574
55635582
55635590
55635604
55635612
55635620
55635639
55635647
55635655
55635663
55635671
55635680
55635698
55635701
55635710
55635728
55635736
55635744
55635752
55635760
55635779
55635787
55635795
55635809
55635817
55635825
55635833
55635841
55635850
55635868
55635876
55635884
55635892
55635906
55635914
55635922
55635930
55635949
55635957
55635965
55635973
55635981
55635990
55636006
55636014
55636022
55636030
55636049
55636057
55636065
55636073
55636081
55636090
55636103
55636111
55636120
55636138
55636146
55636154
55636162
55636170
55636189
55636197
55636200
55636219
55636227
55636235
55636243
55636251
55636260
55636278
55636286
55636294
55636308
55636316
55636324
55636332
55636340
55636359
55636367
55636375
55636383
55636391
55636405
55636413
55636421
55636430
55636448
55636456
55636464
55636472
55636480
55636499
55636502
55636510
55636529
55636537
55636545
55636553
55636561
55636570
55636588
55636596
55636600
55636618
55636626
55636634
55636642
55636650
55636669
55636677
55636685
55636693
55636707
55636715
55636723
55636731
55636740
55636758
55636766
55636774
55636782
55636790
55636804
55636812
55636820
55636839
55636847
55636855
55636863
55636871
55636880
55636898
55636901
55636910
55636928
55636936
55636944
55636952
55636960
55636979
55636987
55636995
55637001
55637010
55637028
55637036
55637044
55637052
55637060
55637079
55637087
55637095
55637109
55637117
55637125
55637133
55637141
55637150
55637168
55637176
55637184
55637192
55637206
55637214
55637222
55637230
55637249
55637257
55637265
55637273
55637281
55637290
55637303
55637311
55637320
55637338
55637346
55637354
55637362
55637370
55637389
55637397
55637400
55637419
55637427
55637435
55637443
55637451
55637460
55637478
55637486
55637494
55637508
55637516
55637524
55637532
55637540
55637559
55637567
55637575
55637583
55637591
55637605
55637613
55637621
55637630
55637648
55637656
55637664
55637672
55637680
55637699
55637702
55637710
55637729
55637737
55637745
55637753
55637761
55637770
55637788
55637796
55637800
55637818
55637826
55637834
55637842
55637850
55637869
55637877
55637885
55637893
55637907
55637915
55637923
55637931
55637940
55637958
55637966
55637974
55637982
55637990
55638007
55638015
55638023
55638031
55638040
55638058
55638066
55638074
55638082
55638090
55638104
55638112
55638120
55638139
55638147
55638155
55638163
55638171
55638180
55638198
55638201
55638210
55638228
55638236
55638244
55638252
55638260
55638279
55638287
55638295
55638309
55638317
55638325
55638333
55638341
55638350
55638368
55638376
55638384
55638392
55638406
55638414
55638422
55638430
55638449
55638457
55638465
55638473
55638481
55638490
55638503
55638511
55638520
55638538
55638546
55638554
55638562
55638570
55638589
55638597
55638600
55638619
55638627
55638635
55638643
55638651
55638660
55638678
55638686
55638694
55638708
55638716
55638724
55638732
55638740
55638759
55638767
55638775
55638783
55638791
55638805
55638813
55638821
55638830
55638848
55638856
55638864
55638872
55638880
55638899
55638902
55638910
55638929
55638937
55638945
55638953
55638961
55638970
55638988
55638996
55639002
55639010
55639029
55639037
55639045
55639053
55639061
55639070
55639088
55639096
55639100
55639118
55639126
55639134
55639142
55639150
55639169
55639177
55639185
55639193
55639207
55639215
55639223
55639231
55639240
55639258
55639266
55639274
55639282
55639290
55639304
55639312
55639320
55639339
55639347
55639355
55639363
55639371
55639380
55639398
55639401
55639410
55639428
55639436
55639444
55639452
55639460
55639479
55639487
55639495
55639509
55639517
55639525
55639533
55639541
55639550
55639568
55639592
55639606
55639614
55639622
55639630
55639649
55639657
55639665
55639673
55639681
55639690
55639703
55639711
55639720
55639738
55639746
55639754
55639762
55639770
55639789
55639797
55639800
55639819
55639827
55639835
55639843
55639851
55639860
55639878
55639886
55639894
55639908
55639916
55639924
55639932
55639940
55639959
55639967
55639975
55639983
55639991
55640007
55640015
55640023
55640031
55640040
55640058
55640066
55640074
55640082
55640090
55640104
55640112
55640120
55640139
55640147
55640155
55640163
55640171
55640180
55640198
55640201
55640210
55640228
55640236
55640244
55640252
55640260
55640279
55640287
55640295
55640309
55640317
55640325
55640333
55640341
55640350
55640368
55640376
55640384
55640392
55640406
55640414
55640422
55640430
55640449
55640457
55640465
55640473
55640481
55640490
55640503
55640511
55640520
55640538
55640546
55640554
55640562
55640570
55640589
55640597
55640600
55640619
55640627
55640635
55640643
55640651
55640660
55640678
55640686
55640694
55640708
55640716
55640724
55640732
55640740
55640759
55640767
55640775
55640783
55640791
55640805
55640813
55640821
55640830
55640848
55640856
55640864
55640872
55640880
55640899
55640902
55640910
55640929
55640937
55640945
55640953
55640961
55640970
55640988
55640996
55641002
55641010
55641029
55641037
55641045
55641053
55641061
55641070
55641088
55641096
55641100
55641118
55641126
55641134
55641142
55641150
55641169
55641177
55641185
55641193
55641207
55641215
55641223
55641231
55641240
55641258
55641266
55641274
55641282
55641290
55641304
55641312
55641320
55641339
55641347
55641355
55641363
55641371
55641380
55641398
55641401
55641410
55641428
55641436
55641444
55641452
55641460
55641479
55641487
55641495
55641509
55641517
55641525
55641533
55641541
55641550
55641568
55641576
55641584
55641592
55641606
55641614
55641622
55641630
55641649
55641657
55641665
55641673
55641681
55641690
55641703
55641711
55641720
55641738
55641746
55641754
55641762
55641770
55641789
55641797
55641800
55641819
55641827
55641835
55641843
55641851
55641860
55641878
55641886
55641894
55641908
55641916
55641924
55641932
55641940
55641959
55641967
55641975
55641983
55641991
55642008
55642016
55642024
55642032
55642040
55642059
55642067
55642075
55642083
55642091
55642105
55642113
55642121
55642130
55642148
55642156
55642164
55642172
55642180
55642199
55642202
55642210
55642229
55642237
55642245
55642253
55642261
55642270
55642288
55642296
55642300
55642318
55642326
55642334
55642342
55642350
55642369
55642377
55642385
55642393
55642407
55642415
55642423
55642431
55642440
55642458
55642466
55642474
55642482
55642490
55642504
55642512
55642520
55642539
55642547
55642555
55642563
55642571
55642580
55642598
55642601
55642610
55642628
55642636
55642644
55642652
55642660
55642679
55642687
55642695
55642709
55642717
55642725
55642733
55642741
55642750
55642768
55642776
55642784
55642792
55642806
55642814
55642822
55642830
55642849
55642857
55642865
55642873
55642881
55642890
55642903
55642911
55642920
55642938
55642946
55642954
55642962
55642970
55642989
55642997
55643003
55643011
55643020
55643038
55643046
55643054
55643062
55643070
55643089
55643097
55643100
55643119
55643127
55643135
55643143
55643151
55643160
55643178
55643186
55643194
55643208
55643216
55643224
55643232
55643240
55643259
55643267
55643275
55643283
55643291
55643305
55643313
55643321
55643330
55643348
55643356
55643364
55643372
55643380
55643399
55643402
55643410
55643429
55643437
55643445
55643453
55643461
55643470
55643488
55643496
55643500
55643518
55643526
55643534
55643542
55643550
55643569
55643577
55643585
55643593
55643607
55643615
55643623
55643631
55643640
55643658
55643666
55643674
55643682
55643690
55643704
55643712
55643720
55643739
55643747
55643755
55643763
55643771
55643780
55643798
55643801
55643810
55643828
55643836
55643844
55643852
55643860
55643879
55643887
55643895
55643909
55643917
55643925
55643933
55643941
55643950
55643968
55643976
55643984
55643992
55644009
55644017
55644025
55644033
55644041
55644050
55644068
55644076
55644084
55644092
55644106
55644114
55644122
55644130
55644149
55644157
55644165
55644173
55644181
55644190
55644203
55644211
55644220
55644238
55644246
55644254
55644262
55644270
55644289
55644297
55644300
55644319
55644327
55644335
55644343
55644351
55644360
55644378
55644386
55644394
55644408
55644416
55644424
55644432
55644440
55644459
55644467
55644475
55644483
55644491
55644505
55644513
55644521
55644530
55644548
55644556
55644564
55644572
55644580
55644599
55644602
55644610
55644629
55644637
55644645
55644653
55644661
55644670
55644688
55644696
55644700
55644718
55644726
55644734
55644742
55644750
55644769
55644777
55644785
55644793
55644807
55644815
55644823
55644831
55644840
55644858
55644866
55644874
55644882
55644890
55644904
55644912
55644920
55644939
55644947
55644955
55644963
55644971
55644980
55644998
55645004
55645012
55645020
55645039
55645047
55645055
55645063
55645071
55645080
55645098
55645101
55645110
55645128
55645136
55645144
55645152
55645160
55645179
55645187
55645195
55645209
55645217
55645225
55645233
55645241
55645250
55645268
55645276
55645284
55645292
55645306
55645314
55645322
55645330
55645349
55645357
55645365
55645373
55645381
55645390
55645403
55645411
55645420
55645438
55645446
55645454
55645462
55645470
55645489
55645497
55645500
55645519
55645527
55645535
55645543
55645551
55645560
55645578
55645586
55645594
55645608
55645616
55645624
55645632
55645640
55645659
55645667
55645675
55645683
55645691
55645705
55645713
55645721
55645730
55645748
55645756
55645764
55645772
55645780
55645799
55645802
55645810
55645829
55645837
55645845
55645853
55645861
55645870
55645888
55645896
55645900
55645918
55645926
55645934
55645942
55645950
55645969
55645977
55645985
55645993
55646000
55646018
55646026
55646034
55646042
55646050
55646069
55646077
55646085
55646093
55646107
55646115
55646123
55646131
55646140
55646158
55646166
55646174
55646182
55646190
55646204
55646212
55646220
55646239
55646247
55646255
55646263
55646271
55646280
55646298
55646301
55646310
55646328
55646336
55646344
55646352
55646360
55646379
55646387
55646395
55646409
55646417
55646425
55646433
55646441
55646450
55646468
55646476
55646484
55646492
55646506
55646514
55646522
55646530
55646549
55646557
55646565
55646573
55646581
55646590
55646603
55646611
55646620
55646638
55646646
55646654
55646662
55646670
55646689
55646697
55646700
55646719
55646727
55646735
55646743
55646751
55646760
55646778
55646786
55646794
55646808
55646816
55646824
55646832
55646840
55646859
55646867
55646875
55646883
55646891
55646905
55646913
55646921
55646930
55646948
55646956
55646964
55646972
55646980
55646999
55647005
55647013
55647021
55647030
55647048
55647056
55647064
55647072
55647080
55647099
55647102
55647110
55647129
55647137
55647145
55647153
55647161
55647170
55647188
55647196
55647200
55647218
55647226
55647234
55647242
55647250
55647269
55647277
55647285
55647293
55647307
55647315
55647323
55647331
55647340
55647358
55647366
55647374
55647382
55647390
55647404
55647412
55647420
55647439
55647447
55647455
55647463
55647471
55647480
55647498
55647501
55647510
55647528
55647536
55647544
55647552
55647560
55647579
55647587
55647595
55647609
55647617
55647625
55647633
55647641
55647650
55647668
55647676
55647684
55647692
55647706
55647714
55647722
55647730
55647749
55647757
55647765
55647773
55647781
55647790
55647803
55647811
55647820
55647838
55647846
55647854
55647862
55647870
55647889
55647897
55647900
55647927
55647935
55647943
55647951
55647960
55647978
55647986
55647994
55648000
55648019
55648027
55648035
55648043
55648051
55648060
55648078
55648086
55648094
55648108
55648116
55648124
55648132
55648140
55648159
55648167
55648175
55648183
55648191
55648205
55648213
55648221
55648230
55648248
55648256
55648264
55648272
55648280
55648299
55648302
55648310
55648329
55648337
55648345
55648353
55648361
55648370
55648388
55648396
55648400
55648418
55648426
55648434
55648442
55648450
55648469
55648477
55648485
55648493
55648507
55648515
55648523
55648531
55648540
55648558
55648566
55648574
55648582
55648590
55648604
55648612
55648620
55648639
55648647
55648655
55648663
55648671
55648680
55648698
55648701
55648710
55648728
55648736
55648744
55648752
55648760
55648779
55648787
55648795
55648809
55648817
55648825
55648833
55648841
55648850
55648868
55648876
55648884
55648892
55648906
55648914
55648922
55648930
55648949
55648957
55648965
55648973
55648981
55648990
55649006
55649014
55649022
55649030
55649049
55649057
55649065
55649073
55649081
55649090
55649103
55649111
55649120
55649138
55649146
55649154
55649162
55649170
55649189
55649197
55649200
55649219
55649227
55649235
55649243
55649251
55649260
55649278
55649286
55649294
55649308
55649316
55649324
55649332
55649340
55649359
55649367
55649375
55649383
55649391
55649405
55649413
55649421
55649430
55649448
55649456
55649464
55649472
55649480
55649499
55649502
55649510
55649529
55649537
55649545
55649553
55649561
55649570
55649588
55649596
55649600
55649618
55649626
55649634
55649642
55649650
55649669
55649677
55649685
55649693
55649707
55649715
55649723
55649731
55649740
55649758
55649766
55649774
55649782
55649790
55649804
55649812
55649820
55649839
55649847
55649855
55649863
55649871
55649880
55649898
55649901
55649910
55649928
55649936
55649944
55649952
55649960
55649979
55649987
55649995
55650000
55650019
55650027
55650035
55650043
55650051
55650060
55650078
55650086
55650094
55650108
55650116
55650124
55650132
55650140
55650159
55650167
55650175
55650183
55650191
55650205
55650213
55650221
55650230
55650248
55650256
55650264
55650272
55650280
55650299
55650302
55650310
55650329
55650337
55650345
55650353
55650361
55650370
55650388
55650396
55650400
55650418
55650426
55650434
55650442
55650450
55650469
55650477
55650485
55650493
55650507
55650515
55650523
55650531
55650540
55650558
55650566
55650574
55650582
55650590
55650604
55650612
55650620
55650639
55650647
55650655
55650663
55650671
55650680
55650698
55650701
55650710
55650728
55650736
55650744
55650752
55650760
55650779
55650787
55650795
55650809
55650817
55650825
55650833
55650841
55650850
55650868
55650876
55650884
55650892
55650906
55650914
55650922
55650930
55650949
55650957
55650965
55650973
55650981
55650990
55651006
55651014
55651022
55651030
55651049
55651057
55651065
55651073
55651081
55651090
55651103
55651111
55651120
55651138
55651146
55651154
55651162
55651170
55651189
55651197
55651200
55651219
55651227
55651235
55651243
55651251
55651260
55651278
55651286
55651294
55651308
55651316
55651324
55651332
55651340
55651359
55651367
55651375
55651383
55651391
55651405
55651413
55651421
55651430
55651448
55651456
55651464
55651472
55651480
55651499
55651502
55651510
55651529
55651537
55651545
55651553
55651561
55651570
55651588
55651596
55651600
55651618
55651626
55651634
55651642
55651669
55651677
55651685
55651693
55651707
55651715
55651723
55651740
55651758
55651766
55651774
55651782
55651790
55651804
55651812
55651820
55651839
55651847
55651855
55651863
55651871
55651880
55651898
55651901
55651910
55651928
55651936
55651944
55651952
55651960
55651979
55651987
55651995
55652001
55652010
55652028
55652036
55652044
55652052
55652060
55652079
55652087
55652095
55652109
55652117
55652125
55652133
55652141
55652150
55652168
55652176
55652184
55652192
55652206
55652214
55652222
55652230
55652249
55652257
55652265
55652273
55652281
55652290
55652303
55652311
55652320
55652338
55652346
55652354
55652362
55652370
55652389
55652397
55652400
55652419
55652427
55652435
55652443
55652451
55652460
55652478
55652486
55652494
55652508
55652516
55652524
55652532
55652540
55652559
55652567
55652575
55652583
55652591
55652605
55652613
55652621
55652630
55652648
55652656
55652664
55652672
55652680
55652699
55652702
55652710
55652729
55652737
55652745
55652753
55652761
55652770
55652788
55652796
55652800
55652818
55652826
55652834
55652842
55652850
55652869
55652877
55652885
55652907
55652915
55652923
55652931
55652940
55652958
55652966
55652974
55652982
55652990
55653007
55653015
55653023
55653031
55653040
55653058
55653066
55653074
55653082
55653090
55653104
55653112
55653120
55653139
55653147
55653155
55653163
55653171
55653180
55653198
55653201
55653210
55653228
55653236
55653244
55653252
55653260
55653279
55653287
55653295
55653309
55653317
55653325
55653333
55653341
55653350
55653368
55653376
55653384
55653392
55653406
55653414
55653422
55653430
55653449
55653457
55653465
55653473
55653481
55653490
55653503
55653511
55653520
55653538
55653546
55653554
55653562
55653570
55653589
55653597
55653600
55653619
55653627
55653635
55653643
55653651
55653660
55653678
55653686
55653694
55653708
55653716
55653724
55653732
55653740
55653759
55653767
55653775
55653783
55653791
55653805
55653813
55653821
55653830
55653848
55653856
55653864
55653872
55653880
55653899
55653902
55653910
55653929
55653937
55653945
55653953
55653961
55653970
55653988
55653996
55654002
55654010
55654029
55654037
55654045
55654053
55654061
55654070
55654088
55654096
55654100
55654118
55654126
55654134
55654142
55654150
55654169
55654177
55654185
55654193
55654207
55654215
55654223
55654231
55654240
55654258
55654266
55654274
55654282
55654290
55654304
55654312
55654320
55654339
55654347
55654355
55654363
55654371
55654380
55654398
55654401
55654410
55654428
55654436
55654444
55654452
55654460
55654479
55654487
55654495
55654509
55654517
55654525
55654533
55654541
55654550
55654568
55654576
55654584
55654592
55654606
55654614
55654622
55654630
55654649
55654657
55654665
55654673
55654681
55654690
55654703
55654711
55654720
55654738
55654746
55654754
55654762
55654770
55654789
55654797
55654800
55654819
55654827
55654835
55654843
55654851
55654860
55654878
55654886
55654894
55654908
55654916
55654924
55654932
55654940
55654959
55654967
55654975
55654983
55654991
55655008
55655016
55655024
55655032
55655040
55655059
55655067
55655075
55655083
55655091
55655105
55655113
55655121
55655130
55655148
55655156
55655164
55655172
55655180
55655199
55655202
55655210
55655229
55655237
55655245
55655253
55655261
55655270
55655288
55655296
55655300
55655318
55655326
55655334
55655342
55655350
55655369
55655377
55655385
55655393
55655407
55655415
55655423
55655431
55655440
55655458
55655466
55655474
55655482
55655490
55655504
55655512
55655520
55655539
55655547
55655555
55655563
55655571
55655580
55655598
55655601
55655610
55655628
55655636
55655644
55655652
55655660
55655679
55655687
55655695
55655709
55655717
55655725
55655733
55655741
55655750
55655768
55655776
55655784
55655792
55655806
55655814
55655822
55655830
55655849
55655857
55655865
55655873
55655881
55655890
55655903
55655911
55655920
55655938
55655946
55655954
55655962
55655970
55655989
55655997
55656003
55656011
55656020
55656038
55656046
55656054
55656062
55656070
55656089
55656097
55656100
55656119
55656127
55656135
55656143
55656151
55656160
55656178
55656186
55656194
55656208
55656216
55656224
55656232
55656240
55656259
55656267
55656275
55656283
55656291
55656305
55656313
55656321
55656330
55656348
55656356
55656364
55656372
55656380
55656399
55656402
55656410
55656429
55656437
55656445
55656453
55656461
55656470
55656488
55656496
55656500
55656518
55656526
55656534
55656542
55656550
55656569
55656577
55656585
55656593
55656607
55656615
55656623
55656631
55656640
55656658
55656666
55656674
55656682
55656690
55656704
55656712
55656720
55656739
55656747
55656755
55656763
55656771
55656780
55656798
55656801
55656810
55656828
55656836
55656844
55656852
55656860
55656879
55656887
55656895
55656909
55656917
55656925
55656933
55656941
55656950
55656968
55656976
55656984
55656992
55657009
55657017
55657025
55657033
55657041
55657050
55657068
55657076
55657084
55657092
55657106
55657114
55657122
55657130
55657149
55657157
55657165
55657173
55657181
55657190
55657203
55657211
55657220
55657238
55657246
55657254
55657262
55657270
55657289
55657297
55657300
55657319
55657327
55657335
55657343
55657351
55657360
55657378
55657386
55657394
55657408
55657416
55657424
55657432
55657440
55657459
55657467
55657475
55657483
55657491
55657505
55657513
55657521
55657530
55657548
55657556
55657564
55657572
55657580
55657599
55657602
55657610
55657629
55657637
55657645
55657653
55657661
55657670
55657688
55657696
55657700
55657718
55657726
55657734
55657742
55657750
55657769
55657777
55657785
55657793
55657807
55657815
55657823
55657831
55657840
55657858
55657866
55657874
55657882
55657890
55657904
55657912
55657920
55657939
55657947
55657955
55657963
55657971
55657980
55657998
55658004
55658012
55658020
55658039
55658047
55658055
55658063
55658071
55658080
55658098
55658101
55658110
55658128
55658136
55658144
55658152
55658160
55658179
55658187
55658195
55658209
55658217
55658225
55658233
55658241
55658250
55658268
55658276
55658284
55658292
55658306
55658314
55658322
55658330
55658349
55658357
55658365
55658373
55658381
55658390
55658403
55658411
55658420
55658438
55658446
55658454
55658462
55658470
55658489
55658497
55658500
55658519
55658527
55658535
55658543
55658551
55658560
55658578
55658586
55658594
55658608
55658616
55658624
55658632
55658640
55658659
55658667
55658675
55658683
55658691
55658705
55658713
55658721
55658730
55658748
55658756
55658764
55658772
55658780
55658799
55658802
55658810
55658829
55658837
55658845
55658853
55658861
55658870
55658888
55658896
55658900
55658918
55658926
55658934
55658942
55658950
55658969
55658977
55658985
55658993
55659000
55659018
55659026
55659034
55659042
55659050
55659069
55659077
55659085
55659093
55659107
55659115
55659123
55659131
55659140
55659158
55659166
55659174
55659182
55659190
55659204
55659212
55659220
55659239
55659247
55659255
55659263
55659271
55659280
55659298
55659301
55659310
55659328
55659336
55659344
55659352
55659360
55659379
55659387
55659395
55659409
55659417
55659425
55659433
55659441
55659450
55659468
55659476
55659484
55659492
55659506
55659514
55659522
55659530
55659549
55659557
55659565
55659573
55659581
55659590
55659603
55659611
55659620
55659638
55659646
55659654
55659662
55659670
55659689
55659697
55659700
55659719
55659727
55659735
55659743
55659751
55659760
55659778
55659786
55659794
55659808
55659816
55659824
55659832
55659840
55659859
55659867
55659875
55659883
55659891
55659905
55659913
55659921
55659930
55659948
55659956
55659964
55659972
55659980
55659999
55660004
55660012
55660020
55660039
55660047
55660055
55660063
55660071
55660080
55660098
55660101
55660110
55660128
55660136
55660144
55660152
55660160
55660179
55660187
55660195
55660209
55660217
55660225
55660233
55660241
55660250
55660268
55660276
55660284
55660292
55660306
55660314
55660322
55660330
55660349
55660357
55660365
55660373
55660381
55660390
55660403
55660411
55660420
55660438
55660446
55660454
55660462
55660470
55660489
55660497
55660500
55660519
55660527
55660535
55660543
55660551
55660560
55660578
55660586
55660594
55660608
55660616
55660624
55660632
55660640
55660659
55660667
55660675
55660683
55660691
55660705
55660713
55660721
55660730
55660748
55660756
55660764
55660772
55660780
55660799
55660802
55660810
55660829
55660837
55660845
55660853
55660861
55660870
55660888
55660896
55660900
55660918
55660926
55660934
55660942
55660950
55660969
55660977
55660985
55660993
55661000
55661018
55661026
55661034
55661042
55661050
55661069
55661077
55661085
55661093
55661107
55661115
55661123
55661131
55661140
55661158
55661166
55661174
55661182
55661190
55661204
55661212
55661220
55661239
55661247
55661255
55661263
55661271
55661280
55661298
55661301
55661310
55661328
55661336
55661344
55661352
55661360
55661379
55661387
55661395
55661409
55661417
55661425
55661433
55661441
55661450
55661468
55661476
55661484
55661492
55661506
55661514
55661522
55661530
55661549
55661557
55661565
55661573
55661581
55661590
55661603
55661611
55661620
55661638
55661646
55661654
55661662
55661670
55661689
55661697
55661700
55661719
55661727
55661735
55661743
55661751
55661760
55661778
55661786
55661794
55661808
55661816
55661824
55661832
55661840
55661859
55661867
55661875
55661883
55661891
55661905
55661913
55661921
55661930
55661948
55661956
55661964
55661972
55661980
55661999
55662005
55662013
55662021
55662030
55662048
55662056
55662064
55662072
55662080
55662099
55662102
55662110
55662129
55662137
55662145
55662153
55662161
55662170
55662188
55662196
55662200
55662218
55662226
55662234
55662242
55662250
55662269
55662277
55662285
55662293
55662307
55662315
55662323
55662331
55662340
55662358
55662366
55662374
55662382
55662390
55662404
55662412
55662420
55662439
55662447
55662455
55662463
55662471
55662480
55662498
55662501
55662510
55662528
55662536
55662544
55662552
55662560
55662579
55662587
55662595
55662609
55662617
55662625
55662633
55662641
55662650
55662668
55662676
55662684
55662692
55662706
55662714
55662722
55662730
55662749
55662757
55662765
55662773
55662781
55662790
55662803
55662811
55662820
55662838
55662846
55662854
55662862
55662870
55662889
55662897
55662900
55662919
55662927
55662935
55662943
55662951
55662960
55662978
55662986
55662994
55663000
55663019
55663027
55663035
55663043
55663051
55663060
55663078
55663086
55663094
55663108
55663116
55663124
55663132
55663140
55663159
55663167
55663175
55663183
55663191
55663205
55663213
55663221
55663230
55663248
55663256
55663264
55663272
55663280
55663299
55663302
55663310
55663329
55663337
55663345
55663353
55663361
55663370
55663388
55663396
55663400
55663418
55663426
55663434
55663442
55663450
55663469
55663477
55663485
55663493
55663507
55663515
55663523
55663531
55663540
55663558
55663566
55663574
55663582
55663590
55663604
55663612
55663620
55663639
55663647
55663655
55663663
55663671
55663680
55663698
55663701
55663710
55663728
55663736
55663744
55663752
55663760
55663779
55663787
55663795
55663809
55663817
55663825
55663833
55663841
55663850
55663868
55663876
55663884
55663892
55663906
55663914
55663922
55663930
55663949
55663957
55663965
55663973
55663981
55663990
55664006
55664014
55664022
55664030
55664049
55664057
55664065
55664073
55664081
55664090
55664103
55664111
55664120
55664138
55664146
55664154
55664162
55664170
55664189
55664197
55664200
55664219
55664227
55664235
55664243
55664251
55664260
55664278
55664286
55664294
55664308
55664316
55664324
55664332
55664340
55664359
55664367
55664375
55664383
55664391
55664405
55664413
55664421
55664430
55664448
55664456
55664464
55664472
55664480
55664499
55664502
55664510
55664529
55664537
55664545
55664553
55664561
55664570
55664588
55664596
55664600
55664618
55664626
55664634
55664642
55664650
55664669
55664677
55664685
55664693
55664707
55664715
55664723
55664731
55664740
55664758
55664766
55664774
55664782
55664790
55664804
55664812
55664820
55664839
55664847
55664855
55664863
55664871
55664880
55664898
55664901
55664910
55664928
55664936
55664944
55664952
55664960
55664979
55664987
55664995
55665001
55665010
55665028
55665036
55665044
55665052
55665060
55665079
55665087
55665095
55665109
55665117
55665125
55665133
55665141
55665150
55665168
55665176
55665184
55665192
55665206
55665214
55665222
55665230
55665249
55665257
55665265
55665273
55665281
55665290
55665303
55665311
55665320
55665338
55665346
55665354
55665362
55665370
55665389
55665397
55665400
55665419
55665427
55665435
55665443
55665451
55665460
55665478
55665486
55665494
55665508
55665516
55665524
55665532
55665540
55665559
55665567
55665575
55665583
55665591
55665605
55665613
55665621
55665630
55665648
55665656
55665664
55665672
55665680
55665699
55665702
55665710
55665729
55665737
55665745
55665753
55665761
55665770
55665788
55665796
55665800
55665818
55665826
55665834
55665842
55665850
55665869
55665877
55665885
55665893
55665907
55665915
55665923
55665931
55665940
55665958
55665966
55665974
55665982
55665990
55666007
55666015
55666023
55666031
55666040
55666058
55666066
55666074
55666082
55666090
55666104
55666112
55666120
55666139
55666147
55666155
55666163
55666171
55666180
55666198
55666201
55666210
55666228
55666236
55666244
55666252
55666260
55666279
55666287
55666295
55666309
55666317
55666325
55666333
55666341
55666350
55666368
55666376
55666384
55666392
55666406
55666414
55666422
55666430
55666449
55666457
55666465
55666473
55666481
55666490
55666503
55666511
55666520
55666538
55666546
55666554
55666562
55666570
55666589
55666597
55666600
55666619
55666627
55666635
55666643
55666651
55666660
55666678
55666686
55666694
55666708
55666716
55666724
55666732
55666740
55666759
55666767
55666775
55666783
55666791
55666805
55666813
55666821
55666830
55666848
55666856
55666864
55666872
55666880
55666899
55666902
55666910
55666929
55666937
55666945
55666953
55666961
55666970
55666988
55666996
55667002
55667010
55667029
55667037
55667045
55667053
55667061
55667070
55667088
55667096
55667100
55667118
55667126
55667134
55667142
55667150
55667169
55667177
55667185
55667193
55667207
55667215
55667223
55667231
55667240
55667258
55667266
55667274
55667282
55667290
55667304
55667312
55667320
55667339
55667347
55667355
55667363
55667371
55667380
55667398
55667401
55667410
55667428
55667436
55667444
55667452
55667460
55667479
55667487
55667495
55667509
55667517
55667525
55667533
55667541
55667550
55667568
55667576
55667584
55667592
55667606
55667614
55667622
55667630
55667649
55667657
55667665
55667673
55667681
55667690
55667703
55667711
55667720
55667738
55667746
55667754
55667762
55667770
55667789
55667797
55667800
55667819
55667827
55667835
55667843
55667851
55667860
55667878
55667886
55667894
55667908
55667916
55667924
55667932
55667940
55667959
55667967
55667975
55667983
55667991
55668008
55668016
55668024
55668032
55668040
55668059
55668067
55668075
55668083
55668091
55668105
55668113
55668121
55668130
55668148
55668156
55668164
55668172
55668180
55668199
55668202
55668210
55668229
55668237
55668245
55668253
55668261
55668270
55668288
55668296
55668300
55668318
55668326
55668334
55668342
55668350
55668369
55668377
55668385
55668393
55668407
55668415
55668423
55668431
55668440
55668458
55668466
55668474
55668482
55668490
55668504
55668512
55668520
55668539
55668547
55668555
55668563
55668571
55668580
55668598
55668601
55668610
55668628
55668636
55668644
55668652
55668660
55668679
55668687
55668695
55668709
55668717
55668725
55668733
55668741
55668750
55668768
55668776
55668784
55668792
55668806
55668814
55668822
55668830
55668849
55668857
55668865
55668873
55668881
55668890
55668903
55668911
55668920
55668938
55668946
55668954
55668962
55668970
55668989
55668997
55669003
55669011
55669020
55669038
55669046
55669054
55669062
55669070
55669089
55669097
55669100
55669119
55669127
55669135
55669143
55669151
55669160
55669178
55669186
55669194
55669208
55669216
55669224
55669232
55669240
55669259
55669267
55669275
55669283
55669291
55669305
55669313
55669321
55669330
55669348
55669356
55669364
55669372
55669380
55669399
55669402
55669410
55669429
55669437
55669445
55669453
55669461
55669470
55669488
55669496
55669500
55669518
55669526
55669534
55669542
55669550
55669569
55669577
55669585
55669593
55669607
55669615
55669623
55669631
55669640
55669658
55669666
55669674
55669682
55669690
55669704
55669712
55669720
55669739
55669747
55669755
55669763
55669771
55669780
55669798
55669801
55669810
55669828
55669836
55669844
55669852
55669860
55669879
55669887
55669895
55669909
55669917
55669925
55669933
55669941
55669950
55669968
55669976
55669984
55669992
55670008
55670016
55670024
55670032
55670040
55670059
55670067
55670075
55670083
55670091
55670105
55670113
55670121
55670130
55670148
55670156
55670164
55670172
55670180
55670199
55670202
55670210
55670229
55670237
55670245
55670253
55670261
55670270
55670288
55670296
55670300
55670318
55670326
55670334
55670342
55670350
55670369
55670377
55670385
55670393
55670407
55670415
55670423
55670431
55670440
55670458
55670466
55670474
55670482
55670490
55670504
55670512
55670520
55670539
55670547
55670555
55670563
55670571
55670580
55670598
55670601
55670610
55670628
55670636
55670644
55670652
55670660
55670679
55670687
55670695
55670709
55670717
55670725
55670733
55670741
55670750
55670768
55670776
55670784
55670792
55670806
55670814
55670822
55670830
55670849
55670857
55670865
55670873
55670881
55670890
55670903
55670911
55670920
55670938
55670946
55670954
55670962
55670970
55670989
55670997
55671003
55671011
55671020
55671038
55671046
55671054
55671062
55671070
55671089
55671097
55671100
55671119
55671127
55671135
55671143
55671151
55671160
55671178
55671186
55671194
55671208
55671216
55671224
55671232
55671240
55671259
55671267
55671275
55671283
55671291
55671305
55671313
55671321
55671330
55671348
55671356
55671364
55671372
55671380
55671399
55671402
55671410
55671429
55671437
55671445
55671453
55671461
55671470
55671488
55671496
55671500
55671518
55671526
55671534
55671542
55671550
55671569
55671577
55671585
55671593
55671607
55671615
55671623
55671631
55671640
55671658
55671666
55671674
55671682
55671690
55671704
55671712
55671720
55671739
55671747
55671755
55671763
55671771
55671780
55671798
55671801
55671810
55671828
55671836
55671844
55671852
55671860
55671879
55671887
55671895
55671909
55671917
55671925
55671933
55671941
55671950
55671968
55671976
55671984
55671992
55672009
55672017
55672025
55672033
55672041
55672050
55672068
55672076
55672084
55672092
55672106
55672114
55672122
55672130
55672149
55672157
55672165
55672173
55672181
55672190
55672203
55672211
55672220
55672238
55672246
55672254
55672262
55672270
55672289
55672297
55672300
55672319
55672327
55672335
55672343
55672351
55672360
55672378
55672386
55672394
55672408
55672416
55672424
55672432
55672440
55672459
55672467
55672475
55672483
55672491
55672505
55672513
55672521
55672530
55672548
55672556
55672564
55672572
55672580
55672599
55672602
55672610
55672629
55672637
55672645
55672653
55672661
55672670
55672688
55672696
55672700
55672718
55672726
55672734
55672742
55672750
55672769
55672777
55672785
55672793
55672807
55672815
55672823
55672831
55672840
55672858
55672866
55672874
55672882
55672890
55672904
55672912
55672920
55672939
55672947
55672955
55672963
55672971
55672980
55672998
55673004
55673012
55673020
55673039
55673047
55673055
55673063
55673071
55673080
55673098
55673101
55673110
55673128
55673136
55673144
55673152
55673160
55673179
55673187
55673195
55673209
55673217
55673225
55673233
55673241
55673250
55673268
55673276
55673284
55673292
55673306
55673314
55673322
55673330
55673349
55673357
55673365
55673373
55673381
55673390
55673403
55673411
55673420
55673438
55673446
55673454
55673462
55673470
55673489
55673497
55673500
55673519
55673527
55673535
55673543
55673551
55673560
55673578
55673586
55673594
55673608
55673616
55673624
55673632
55673640
55673659
55673667
55673675
55673683
55673691
55673705
55673713
55673721
55673730
55673748
55673756
55673764
55673772
55673780
55673799
55673802
55673810
55673829
55673837
55673845
55673853
55673861
55673870
55673888
55673896
55673900
55673918
55673926
55673934
55673942
55673950
55673969
55673977
55673985
55673993
55674000
55674018
55674026
55674034
55674042
55674050
55674069
55674077
55674085
55674093
55674107
55674115
55674123
55674131
55674140
55674158
55674166
55674174
55674182
55674190
55674204
55674212
55674220
55674239
55674247
55674255
55674263
55674271
55674280
55674298
55674301
55674310
55674328
55674336
55674344
55674352
55674360
55674379
55674387
55674395
55674409
55674417
55674425
55674433
55674441
55674450
55674468
55674476
55674484
55674492
55674506
55674514
55674522
55674530
55674549
55674557
55674565
55674573
55674581
55674590
55674603
55674611
55674620
55674638
55674646
55674654
55674662
55674670
55674689
55674697
55674700
55674719
55674727
55674735
55674743
55674751
55674760
55674778
55674786
55674794
55674808
55674816
55674824
55674832
55674840
55674859
55674867
55674875
55674883
55674891
55674905
55674913
55674921
55674930
55674948
55674956
55674964
55674972
55674980
55674999
55675005
55675013
55675021
55675030
55675048
55675056
55675064
55675072
55675080
55675099
55675102
55675110
55675129
55675137
55675145
55675153
55675161
55675170
55675188
55675196
55675200
55675218
55675226
55675234
55675242
55675250
55675269
55675277
55675285
55675293
55675307
55675315
55675323
55675331
55675340
55675358
55675366
55675374
55675382
55675390
55675404
55675412
55675420
55675439
55675447
55675455
55675463
55675471
55675480
55675498
55675501
55675510
55675528
55675536
55675544
55675552
55675560
55675579
55675587
55675595
55675609
55675617
55675625
55675633
55675641
55675650
55675668
55675676
55675684
55675692
55675706
55675714
55675722
55675730
55675749
55675757
55675765
55675773
55675781
55675790
55675803
55675811
55675820
55675838
55675846
55675854
55675862
55675870
55675889
55675897
55675900
55675919
55675927
55675935
55675943
55675951
55675960
55675978
55675986
55675994
55676000
55676019
55676027
55676035
55676043
55676051
55676060
55676078
55676086
55676094
55676108
55676116
55676124
55676132
55676140
55676159
55676167
55676175
55676183
55676191
55676205
55676213
55676221
55676230
55676248
55676256
55676264
55676272
55676280
55676299
55676302
55676310
55676329
55676337
55676345
55676353
55676361
55676370
55676388
55676396
55676400
55676418
55676426
55676434
55676442
55676450
55676469
55676477
55676485
55676493
55676507
55676515
55676523
55676531
55676540
55676558
55676566
55676574
55676582
55676590
55676604
55676612
55676620
55676639
55676647
55676655
55676663
55676671
55676680
55676698
55676701
55676710
55676728
55676736
55676744
55676752
55676760
55676779
55676787
55676795
55676809
55676817
55676825
55676833
55676841
55676850
55676868
55676876
55676884
55676892
55676922
55676930
55676949
55676957
55676965
55676973
55676981
55676990
55677006
55677014
55677022
55677030
55677049
55677057
55677065
55677073
55677081
55677090
55677103
55677111
55677120
55677138
55677146
55677154
55677162
55677170
55677189
55677197
55677200
55677219
55677227
55677235
55677243
55677251
55677260
55677278
55677286
55677294
55677308
55677316
55677324
55677332
55677340
55677359
55677367
55677375
55677383
55677391
55677405
55677413
55677421
55677430
55677448
55677456
55677464
55677472
55677480
55677499
55677502
55677510
55677529
55677537
55677545
55677553
55677561
55677570
55677588
55677596
55677600
55677618
55677626
55677634
55677642
55677650
55677669
55677677
55677685
55677693
55677707
55677715
55677723
55677731
55677740
55677758
55677766
55677774
55677782
55677790
55677804
55677812
55677820
55677839
55677847
55677855
55677863
55677871
55677880
55677898
55677901
55677910
55677928
55677936
55677944
55677952
55677960
55677979
55677987
55677995
55678001
55678010
55678028
55678036
55678044
55678052
55678060
55678079
55678087
55678095
55678109
55678117
55678125
55678133
55678141
55678150
55678168
55678176
55678184
55678192
55678206
55678214
55678222
55678230
55678249
55678257
55678265
55678273
55678281
55678290
55678303
55678311
55678320
55678338
55678346
55678354
55678362
55678370
55678389
55678397
55678400
55678419
55678427
55678435
55678443
55678451
55678460
55678478
55678486
55678494
55678508
55678516
55678524
55678532
55678540
55678559
55678567
55678575
55678583
55678591
55678605
55678613
55678621
55678630
55678648
55678656
55678664
55678672
55678680
55678699
55678702
55678710
55678729
55678737
55678745
55678753
55678761
55678770
55678788
55678796
55678800
55678818
55678826
55678834
55678842
55678850
55678869
55678877
55678885
55678893
55678907
55678915
55678923
55678931
55678940
55678958
55678966
55678974
55678982
55678990
55679007
55679015
55679023
55679031
55679040
55679058
55679066
55679074
55679082
55679090
55679104
55679112
55679120
55679139
55679147
55679155
55679163
55679171
55679180
55679198
55679201
55679210
55679228
55679236
55679244
55679252
55679260
55679279
55679287
55679295
55679309
55679317
55679325
55679333
55679341
55679350
55679368
55679376
55679384
55679392
55679406
55679414
55679422
55679430
55679449
55679457
55679465
55679473
55679481
55679490
55679503
55679511
55679520
55679538
55679546
55679554
55679562
55679570
55679589
55679597
55679600
55679619
55679627
55679635
55679643
55679651
55679660
55679678
55679686
55679694
55679708
55679716
55679724
55679732
55679740
55679759
55679767
55679775
55679783
55679791
55679805
55679813
55679821
55679830
55679848
55679856
55679864
55679872
55679880
55679899
55679902
55679910
55679929
55679937
55679945
55679953
55679961
55679970
55679988
55679996
55680001
55680010
55680028
55680036
55680044
55680052
55680060
55680079
55680087
55680095
55680109
55680117
55680125
55680133
55680141
55680150
55680168
55680176
55680184
55680192
55680206
55680214
55680222
55680230
55680249
55680257
55680265
55680273
55680281
55680290
55680303
55680311
55680320
55680338
55680346
55680354
55680362
55680370
55680389
55680397
55680400
55680419
55680427
55680435
55680443
55680451
55680460
55680478
55680486
55680494
55680508
55680516
55680524
55680532
55680540
55680559
55680567
55680575
55680583
55680591
55680605
55680613
55680621
55680630
55680648
55680656
55680664
55680672
55680680
55680699
55680702
55680710
55680729
55680737
55680745
55680753
55680761
55680770
55680788
55680796
55680800
55680818
55680826
55680834
55680842
55680850
55680869
55680877
55680885
55680893
55680907
55680915
55680923
55680931
55680940
55680958
55680966
55680974
55680982
55680990
55681007
55681015
55681023
55681031
55681040
55681058
55681066
55681074
55681082
55681090
55681104
55681112
55681120
55681139
55681147
55681155
55681163
55681171
55681180
55681198
55681201
55681210
55681228
55681236
55681244
55681252
55681260
55681279
55681287
55681295
55681309
55681317
55681325
55681333
55681341
55681350
55681368
55681376
55681384
55681392
55681406
55681414
55681422
55681430
55681449
55681457
55681465
55681473
55681481
55681490
55681503
55681511
55681520
55681538
55681546
55681554
55681562
55681570
55681589
55681597
55681600
55681619
55681627
55681635
55681643
55681651
55681660
55681678
55681686
55681694
55681708
55681716
55681724
55681732
55681740
55681759
55681767
55681775
55681783
55681791
55681805
55681813
55681821
55681830
55681848
55681856
55681864
55681872
55681880
55681899
55681902
55681910
55681929
55681937
55681945
55681953
55681961
55681970
55681988
55681996
55682002
55682010
55682029
55682037
55682045
55682053
55682061
55682070
55682088
55682096
55682100
55682118
55682126
55682134
55682142
55682150
55682169
55682177
55682185
55682193
55682207
55682215
55682223
55682231
55682240
55682258
55682266
55682274
55682282
55682290
55682304
55682312
55682320
55682339
55682347
55682355
55682363
55682371
55682380
55682398
55682401
55682410
55682428
55682436
55682444
55682452
55682460
55682479
55682487
55682495
55682509
55682517
55682525
55682533
55682541
55682550
55682568
55682576
55682584
55682592
55682606
55682614
55682622
55682630
55682649
55682657
55682665
55682673
55682681
55682690
55682703
55682711
55682720
55682738
55682746
55682754
55682762
55682770
55682789
55682797
55682800
55682819
55682827
55682835
55682843
55682851
55682860
55682878
55682886
55682894
55682908
55682916
55682924
55682932
55682940
55682959
55682967
55682975
55682983
55682991
55683008
55683016
55683024
55683032
55683040
55683059
55683067
55683075
55683083
55683091
55683105
55683113
55683121
55683130
55683148
55683156
55683164
55683172
55683180
55683199
55683202
55683210
55683229
55683237
55683245
55683253
55683261
55683270
55683288
55683296
55683300
55683318
55683326
55683334
55683342
55683350
55683369
55683377
55683385
55683393
55683407
55683415
55683423
55683431
55683440
55683458
55683466
55683474
55683482
55683490
55683504
55683512
55683520
55683539
55683547
55683555
55683563
55683571
55683580
55683598
55683601
55683610
55683628
55683636
55683644
55683652
55683660
55683679
55683687
55683695
55683709
55683717
55683725
55683733
55683741
55683750
55683768
55683776
55683784
55683792
55683806
55683814
55683822
55683830
55683849
55683857
55683865
55683873
55683881
55683890
55683903
55683911
55683920
55683938
55683946
55683954
55683962
55683970
55683989
55683997
55684003
55684011
55684020
55684038
55684046
55684054
55684062
55684070
55684097
55684100
55684119
55684127
55684135
55684143
55684151
55684160
55684178
55684186
55684194
55684208
55684216
55684224
55684232
55684240
55684259
55684267
55684275
55684283
55684291
55684305
55684313
55684321
55684330
55684348
55684356
55684364
55684372
55684380
55684399
55684402
55684410
55684429
55684437
55684445
55684453
55684461
55684470
55684488
55684496
55684500
55684518
55684526
55684534
55684542
55684550
55684569
55684577
55684585
55684593
55684607
55684615
55684623
55684631
55684640
55684658
55684666
55684674
55684682
55684690
55684704
55684712
55684720
55684739
55684747
55684755
55684763
55684771
55684780
55684798
55684801
55684810
55684828
55684836
55684844
55684852
55684860
55684879
55684887
55684895
55684909
55684917
55684925
55684933
55684941
55684950
55684968
55684976
55684984
55684992
55685009
55685017
55685025
55685033
55685041
55685050
55685068
55685076
55685084
55685092
55685106
55685114
55685122
55685130
55685149
55685157
55685165
55685173
55685181
55685190
55685203
55685211
55685220
55685238
55685246
55685254
55685262
55685270
55685289
55685297
55685300
55685319
55685327
55685335
55685343
55685351
55685360
55685378
55685386
55685394
55685408
55685416
55685424
55685432
55685440
55685459
55685467
55685475
55685483
55685491
55685505
55685513
55685521
55685530
55685548
55685556
55685564
55685572
55685580
55685599
55685602
55685610
55685629
55685637
55685645
55685653
55685661
55685670
55685688
55685696
55685700
55685718
55685726
55685734
55685742
55685750
55685769
55685777
55685785
55685793
55685807
55685815
55685823
55685831
55685840
55685858
55685866
55685874
55685882
55685890
55685904
55685912
55685920
55685939
55685947
55685955
55685963
55685971
55685980
55685998
55686004
55686012
55686020
55686039
55686047
55686055
55686063
55686071
55686080
55686098
55686101
55686110
55686128
55686136
55686144
55686152
55686160
55686179
55686187
55686195
55686209
55686217
55686225
55686233
55686241
55686250
55686268
55686276
55686284
55686292
55686306
55686314
55686322
55686330
55686349
55686357
55686365
55686373
55686381
55686390
55686403
55686411
55686420
55686438
55686446
55686454
55686462
55686470
55686489
55686497
55686500
55686519
55686527
55686535
55686543
55686551
55686560
55686578
55686586
55686594
55686608
55686616
55686624
55686632
55686640
55686659
55686667
55686675
55686683
55686691
55686705
55686713
55686721
55686730
55686748
55686756
55686764
55686772
55686780
55686799
55686802
55686810
55686829
55686837
55686845
55686853
55686861
55686870
55686888
55686896
55686900
55686918
55686926
55686934
55686942
55686950
55686969
55686977
55686985
55686993
55687000
55687018
55687026
55687034
55687042
55687050
55687069
55687077
55687085
55687093
55687107
55687115
55687123
55687131
55687140
55687158
55687166
55687174
55687182
55687190
55687204
55687212
55687220
55687239
55687247
55687255
55687263
55687271
55687280
55687298
55687301
55687310
55687328
55687336
55687344
55687352
55687360
55687379
55687387
55687395
55687409
55687417
55687425
55687433
55687441
55687450
55687468
55687476
55687484
55687492
55687506
55687514
55687522
55687530
55687549
55687557
55687565
55687573
55687581
55687590
55687603
55687611
55687620
55687638
55687646
55687654
55687662
55687670
55687689
55687697
55687700
55687719
55687727
55687735
55687743
55687751
55687760
55687778
55687786
55687794
55687808
55687816
55687824
55687832
55687840
55687859
55687867
55687875
55687883
55687891
55687905
55687913
55687921
55687930
55687948
55687956
55687964
55687972
55687980
55687999
55688005
55688013
55688021
55688030
55688048
55688056
55688064
55688072
55688080
55688099
55688102
55688110
55688129
55688137
55688145
55688153
55688161
55688170
55688188
55688196
55688200
55688218
55688226
55688234
55688242
55688250
55688269
55688277
55688285
55688293
55688307
55688315
55688323
55688331
55688340
55688358
55688366
55688374
55688382
55688390
55688404
55688412
55688420
55688439
55688447
55688455
55688463
55688471
55688480
55688498
55688501
55688510
55688528
55688536
55688544
55688552
55688560
55688579
55688587
55688595
55688609
55688617
55688625
55688633
55688641
55688650
55688668
55688676
55688684
55688692
55688706
55688714
55688722
55688730
55688749
55688757
55688765
55688773
55688781
55688790
55688803
55688811
55688820
55688838
55688846
55688854
55688862
55688870
55688889
55688897
55688900
55688919
55688927
55688935
55688943
55688951
55688960
55688978
55688986
55688994
55689000
55689019
55689027
55689035
55689043
55689051
55689060
55689078
55689086
55689094
55689108
55689116
55689124
55689132
55689140
55689159
55689167
55689175
55689183
55689191
55689205
55689213
55689221
55689230
55689248
55689256
55689264
55689272
55689280
55689299
55689302
55689310
55689329
55689337
55689345
55689353
55689361
55689370
55689388
55689396
55689400
55689418
55689426
55689434
55689442
55689450
55689469
55689477
55689485
55689493
55689507
55689515
55689523
55689531
55689540
55689558
55689566
55689574
55689582
55689590
55689604
55689612
55689620
55689639
55689647
55689655
55689663
55689671
55689680
55689698
55689701
55689710
55689728
55689736
55689744
55689752
55689760
55689779
55689787
55689795
55689809
55689817
55689825
55689833
55689841
55689850
55689868
55689876
55689884
55689892
55689906
55689914
55689922
55689930
55689949
55689957
55689965
55689973
55689981
55689990
55690005
55690013
55690021
55690030
55690048
55690056
55690064
55690072
55690080
55690099
55690102
55690110
55690129
55690137
55690145
55690153
55690161
55690170
55690188
55690196
55690200
55690218
55690226
55690234
55690242
55690250
55690269
55690277
55690285
55690293
55690307
55690315
55690323
55690331
55690340
55690358
55690366
55690374
55690382
55690390
55690404
55690412
55690420
55690439
55690447
55690455
55690463
55690471
55690480
55690498
55690501
55690510
55690528
55690536
55690544
55690552
55690560
55690579
55690587
55690595
55690609
55690617
55690625
55690633
55690641
55690650
55690668
55690676
55690684
55690692
55690706
55690714
55690722
55690730
55690749
55690757
55690765
55690773
55690781
55690790
55690803
55690811
55690820
55690838
55690846
55690854
55690862
55690870
55690889
55690897
55690900
55690919
55690927
55690935
55690943
55690951
55690960
55690978
55690986
55690994
55691000
55691019
55691027
55691035
55691043
55691051
55691060
55691078
55691086
55691094
55691108
55691116
55691124
55691132
55691140
55691159
55691167
55691175
55691183
55691191
55691205
55691213
55691221
55691230
55691248
55691256
55691264
55691272
55691280
55691299
55691302
55691310
55691329
55691337
55691345
55691353
55691361
55691370
55691388
55691396
55691400
55691418
55691426
55691434
55691442
55691450
55691469
55691477
55691485
55691493
55691507
55691515
55691523
55691531
55691540
55691558
55691566
55691574
55691582
55691590
55691604
55691612
55691620
55691639
55691647
55691655
55691663
55691671
55691680
55691698
55691701
55691710
55691728
55691736
55691744
55691752
55691760
55691779
55691787
55691795
55691809
55691817
55691825
55691833
55691841
55691850
55691868
55691876
55691884
55691892
55691906
55691914
55691922
55691930
55691949
55691957
55691965
55691973
55691981
55691990
55692006
55692014
55692022
55692030
55692049
55692057
55692065
55692073
55692081
55692090
55692103
55692111
55692120
55692138
55692146
55692154
55692162
55692170
55692189
55692197
55692200
55692219
55692227
55692235
55692243
55692251
55692260
55692278
55692286
55692294
55692308
55692316
55692324
55692332
55692340
55692359
55692367
55692375
55692383
55692391
55692405
55692413
55692421
55692430
55692448
55692456
55692464
55692472
55692480
55692499
55692502
55692510
55692529
55692537
55692545
55692553
55692561
55692570
55692588
55692596
55692600
55692618
55692626
55692634
55692642
55692650
55692669
55692677
55692685
55692693
55692707
55692715
55692723
55692731
55692740
55692758
55692766
55692774
55692782
55692790
55692804
55692812
55692820
55692839
55692847
55692855
55692863
55692871
55692880
55692898
55692901
55692910
55692928
55692936
55692944
55692952
55692960
55692979
55692987
55692995
55693001
55693010
55693028
55693036
55693044
55693052
55693060
55693079
55693087
55693095
55693109
55693117
55693125
55693133
55693141
55693150
55693168
55693176
55693184
55693192
55693206
55693214
55693222
55693230
55693249
55693257
55693265
55693273
55693281
55693290
55693303
55693311
55693320
55693338
55693346
55693354
55693362
55693370
55693389
55693397
55693400
55693419
55693427
55693435
55693443
55693451
55693460
55693478
55693486
55693494
55693508
55693516
55693524
55693532
55693540
55693559
55693567
55693575
55693583
55693591
55693605
55693613
55693621
55693630
55693648
55693656
55693664
55693672
55693680
55693699
55693702
55693710
55693729
55693737
55693745
55693753
55693761
55693770
55693788
55693796
55693800
55693818
55693826
55693834
55693842
55693850
55693869
55693877
55693885
55693893
55693907
55693915
55693923
55693931
55693940
55693958
55693966
55693974
55693982
55693990
55694007
55694015
55694023
55694031
55694040
55694058
55694066
55694074
55694082
55694090
55694104
55694112
55694120
55694139
55694147
55694155
55694163
55694171
55694180
55694198
55694201
55694210
55694228
55694236
55694244
55694252
55694260
55694279
55694287
55694295
55694309
55694317
55694325
55694333
55694341
55694350
55694368
55694376
55694384
55694392
55694406
55694414
55694422
55694430
55694449
55694457
55694465
55694473
55694481
55694490
55694503
55694511
55694520
55694538
55694546
55694554
55694562
55694570
55694589
55694597
55694600
55694619
55694627
55694635
55694643
55694651
55694660
55694678
55694686
55694694
55694708
55694716
55694724
55694732
55694740
55694759
55694767
55694775
55694783
55694791
55694805
55694813
55694821
55694830
55694848
55694856
55694864
55694872
55694880
55694899
55694902
55694910
55694929
55694937
